Enter input Temperature using keypad:: 65.00
Writing Relay -> HIGH
4.12    26.37    0.08
14.12    31.74    0.14
24.12    34.18    0.21
34.12    38.57    0.26
44.12    42.97    0.30
54.12    45.90    0.34
64.12    49.32    0.37
74.13    52.73    0.40
84.13    56.15    0.41
94.13    58.59    0.43
104.13    61.52    0.43
114.13    63.48    0.44
124.13    64.94    0.44
134.14    65.92    0.44
144.14    66.89    0.43
154.14    68.36    0.42
164.14    67.87    0.42
174.14    68.85    0.41
184.14    68.36    0.40
194.15    67.87    0.40
204.15    68.85    0.39
214.15    67.38    0.39
224.15    66.41    0.38
234.15    66.41    0.38
244.15    66.89    0.38
254.16    65.92    0.38
Done!!!
Setting duty at 0.38
Maintaining Temperature at 65.00 *C
